free_thresh: 0.196
image: cropped.pgm
negate: 0
occupied_thresh: 0.65
origin: [-2.469999999999999, -2.9299999999999997, 0.0]
resolution: 0.01
