free_thresh: 0.196
image: hall_cropped.pgm
negate: 0
occupied_thresh: 0.65
origin: [-2.759999999999998, -2.759999999999998, 0.0]
resolution: 0.01
